25,788,4.0
25,32,1.0
25,1473,1.0
25,291,5.0
25,2501,3.0
25,2404,1.0
25,1729,5.0
25,1842,5.0
25,500,3.0
25,1047,4.0
25,1866,5.0
25,1768,3.0
25,2170,5.0
25,630,4.0
25,2453,4.0
25,2134,1.0
25,326,4.0
25,395,5.0
25,1802,3.0
25,1624,2.0
25,2308,1.0
25,893,4.0
25,2072,2.0
25,66,4.0
25,1386,1.0
25,1330,3.0
25,524,3.0
25,367,4.0
25,895,3.0
25,535,4.0
25,1488,1.0
25,2410,3.0
25,1108,3.0
25,554,5.0
25,806,4.0
25,849,1.0
25,1062,3.0
25,1722,1.0
25,1989,2.0
33,1357,5.0
33,1864,4.0
33,1046,4.0
33,193,2.0
33,944,2.0
33,1519,5.0
33,1172,4.0
33,186,1.0
33,1756,5.0
33,1513,5.0
33,1920,5.0
33,1671,3.0
33,1249,4.0
33,563,4.0
33,319,2.0
33,1395,1.0
33,1897,5.0
33,265,5.0
33,261,5.0
33,34,4.0
33,435,3.0
33,2421,3.0
33,1473,1.0
33,924,5.0
33,197,4.0
33,2236,3.0
33,450,5.0
33,2498,5.0
33,2246,5.0
33,1700,4.0
33,1237,3.0
33,86,3.0
33,1991,5.0
33,1383,3.0
33,1135,5.0
33,1962,2.0
33,1036,3.0
33,2314,5.0
33,224,3.0
33,310,4.0
33,1387,2.0
33,2271,3.0
33,63,4.0
33,2527,1.0
33,573,4.0
33,2441,4.0
33,1246,2.0
33,1884,4.0
33,1829,4.0
33,1909,4.0
33,634,5.0
33,1879,3.0
33,26,3.0
33,1901,5.0
33,1939,4.0
33,616,3.0
33,250,5.0
33,1003,4.0
33,2567,5.0
33,1697,4.0
33,1073,4.0
33,551,4.0
33,2521,5.0
33,99,1.0
33,1497,5.0
33,1715,4.0
33,369,2.0
33,472,2.0
33,607,5.0
33,1041,5.0
33,1004,3.0
33,477,4.0
33,1570,3.0
33,2049,4.0
33,1960,1.0
33,2088,3.0
33,815,3.0
33,98,3.0
33,2326,4.0
33,1552,4.0
33,486,5.0
33,495,4.0
33,167,2.0
33,2274,5.0
33,1019,5.0
33,2550,4.0
33,687,5.0
33,2202,4.0
33,1386,1.0
33,1490,4.0
33,2560,4.0
33,669,5.0
33,949,5.0
33,1876,5.0
33,2554,5.0
33,1504,4.0
33,1537,4.0
33,64,3.0
33,680,4.0
33,705,4.0
33,2484,4.0
33,240,3.0
33,252,3.0
33,2473,2.0
33,2494,3.0
33,83,4.0
33,1774,3.0
33,2512,5.0
33,1753,4.0
33,512,5.0
33,1142,3.0
33,501,3.0
33,2132,4.0
33,505,3.0
33,2416,4.0
33,1488,3.0
33,1484,4.0
33,117,4.0
33,2431,4.0
33,1660,4.0
33,1059,3.0
33,922,3.0
33,2266,4.0
33,1844,4.0
33,554,4.0
33,2227,1.0
33,1731,5.0
33,1225,3.0
33,246,3.0
33,860,4.0
33,311,4.0
33,2237,4.0
33,1722,1.0
33,223,5.0
33,787,5.0
33,2021,4.0
33,116,5.0
33,1593,4.0
33,92,5.0
33,1804,3.0
33,1988,3.0
33,1694,4.0
33,1284,5.0
33,1210,5.0
33,2426,3.0
33,1444,4.0
18,2526,3.0
18,2383,4.0
18,408,3.0
18,1832,4.0
18,360,3.0
18,2499,3.0
18,196,4.0
18,652,1.0
18,1266,2.0
18,2193,3.0
18,2264,4.0
18,2297,3.0
18,401,2.0
18,727,2.0
18,2251,3.0
18,2382,4.0
18,1229,2.0
18,908,2.0
18,148,2.0
18,2013,3.0
18,1382,4.0
18,1816,2.0
18,480,4.0
18,2362,1.0
18,2279,4.0
18,1189,1.0
18,1473,1.0
18,271,4.0
18,434,2.0
18,1630,3.0
18,2444,1.0
18,1179,2.0
18,1428,2.0
18,2497,3.0
18,976,3.0
18,924,1.0
18,1434,2.0
18,1647,4.0
18,2098,1.0
18,2135,3.0
18,699,2.0
18,641,1.0
18,1678,3.0
18,798,3.0
18,2092,3.0
18,2482,4.0
18,1343,3.0
18,1150,2.0
18,1762,5.0
18,1018,3.0
18,1651,2.0
18,637,5.0
18,2150,3.0
18,1814,3.0
18,498,5.0
18,2396,3.0
18,1312,2.0
18,2372,4.0
18,191,1.0
18,978,2.0
18,42,3.0
18,2079,4.0
18,1418,2.0
18,1565,4.0
18,24,4.0
18,831,4.0
18,220,1.0
18,630,4.0
18,834,3.0
18,1935,2.0
18,1656,2.0
18,676,2.0
18,1240,5.0
18,443,4.0
18,1767,1.0
18,2447,1.0
18,979,2.0
18,1232,3.0
18,1012,3.0
18,1839,3.0
18,1677,4.0
18,1339,3.0
18,1825,5.0
18,51,5.0
18,1617,1.0
18,242,2.0
18,1000,3.0
18,154,3.0
18,927,4.0
18,21,1.0
18,983,2.0
18,2518,2.0
18,653,3.0
18,2217,4.0
18,1323,4.0
18,826,3.0
18,603,5.0
18,222,3.0
18,2173,5.0
18,1861,3.0
18,1069,1.0
18,1926,2.0
18,2224,1.0
18,1078,3.0
18,106,3.0
18,2005,4.0
18,2299,2.0
18,208,2.0
18,2386,3.0
18,527,2.0
18,1885,2.0
18,379,3.0
18,404,5.0
18,257,2.0
18,190,3.0
18,1386,1.0
18,77,3.0
18,1706,4.0
18,1226,4.0
18,1709,2.0
18,2359,3.0
18,1854,2.0
18,2087,4.0
18,686,3.0
18,1443,1.0
18,935,1.0
18,881,2.0
18,1160,3.0
18,1314,4.0
18,721,3.0
18,1611,4.0
18,2542,4.0
18,2572,3.0
18,2272,2.0
18,900,4.0
18,1356,4.0
18,1915,4.0
18,1659,2.0
18,1620,3.0
18,1272,1.0
18,109,3.0
18,300,3.0
18,2267,5.0
18,706,3.0
18,2116,3.0
18,1307,4.0
18,206,1.0
18,131,4.0
18,103,1.0
18,2455,2.0
18,1488,2.0
18,2148,1.0
18,1867,2.0
18,2110,2.0
18,957,5.0
18,543,2.0
18,2065,3.0
18,511,1.0
18,554,3.0
18,2566,3.0
18,2335,1.0
18,2047,3.0
18,644,3.0
18,1652,3.0
18,888,3.0
18,1970,3.0
18,2413,1.0
18,2052,2.0
18,657,4.0
18,114,2.0
18,1118,2.0
18,2120,4.0
18,731,3.0
18,95,3.0
18,2422,3.0
18,817,1.0
18,1787,5.0
18,909,2.0
18,963,3.0
18,1439,1.0
18,1233,2.0
18,2563,1.0
18,708,5.0
12,2502,2.0
12,813,1.0
12,334,1.0
12,1207,3.0
12,2000,5.0
12,1964,2.0
12,34,5.0
12,712,4.0
12,863,5.0
12,940,3.0
12,2260,1.0
12,636,1.0
12,825,1.0
12,251,3.0
12,1687,3.0
12,700,4.0
12,2380,1.0
12,714,1.0
12,1242,3.0
12,1626,3.0
12,630,4.0
12,1050,3.0
12,2138,3.0
12,1579,4.0
12,285,1.0
12,2008,1.0
12,2312,4.0
12,1025,1.0
12,1713,1.0
12,1069,2.0
12,2299,1.0
12,466,3.0
12,1386,1.0
12,1855,4.0
12,649,1.0
12,1689,2.0
12,2377,3.0
12,80,2.0
12,535,4.0
12,1488,1.0
12,2338,3.0
12,76,3.0
12,1103,1.0
12,874,3.0
12,2035,1.0
12,849,1.0
12,1940,4.0
12,2394,5.0
12,2319,3.0
12,2112,1.0
12,1772,5.0
12,761,1.0
9,1511,2.0
9,2146,3.0
9,1235,3.0
9,2160,1.0
9,10,1.0
9,982,2.0
9,1155,1.0
9,570,4.0
9,2043,1.0
9,176,2.0
9,2569,1.0
9,1139,2.0
9,1819,2.0
9,851,3.0
9,2486,1.0
9,1189,1.0
9,1466,1.0
9,1473,1.0
9,2530,2.0
9,1091,1.0
9,1084,1.0
9,1400,2.0
9,1631,2.0
9,2536,1.0
9,2351,1.0
9,1981,1.0
9,615,2.0
9,1888,2.0
9,2223,1.0
9,1547,3.0
9,630,2.0
9,1592,2.0
9,345,2.0
9,1198,2.0
9,584,1.0
9,1263,1.0
9,989,2.0
9,2031,1.0
9,328,2.0
9,762,2.0
9,956,2.0
9,495,2.0
9,1907,1.0
9,1123,2.0
9,2495,3.0
9,2353,1.0
9,1758,5.0
9,1377,4.0
9,1386,1.0
9,150,3.0
9,1252,2.0
9,2457,1.0
9,252,1.0
9,640,1.0
9,674,1.0
9,2459,2.0
9,1893,1.0
9,2564,1.0
9,535,2.0
9,1603,1.0
9,1710,1.0
9,743,2.0
9,1488,1.0
9,123,3.0
9,2507,3.0
9,2492,2.0
9,2082,1.0
9,2035,1.0
9,806,3.0
9,1191,2.0
9,1141,2.0
9,1845,1.0
9,1082,2.0
9,2,2.0
9,837,1.0
9,2505,2.0
9,1340,1.0
11,2502,2.0
11,1337,5.0
11,2313,3.0
11,1629,4.0
11,2269,5.0
11,1266,1.0
11,965,5.0
11,1670,3.0
11,2435,4.0
11,1035,4.0
11,1395,1.0
11,1980,5.0
11,2515,4.0
11,1716,4.0
11,1054,4.0
11,547,5.0
11,1852,4.0
11,308,2.0
11,145,4.0
11,384,4.0
11,732,3.0
11,1102,3.0
11,1273,4.0
11,508,1.0
11,1473,1.0
11,1017,3.0
11,2016,1.0
11,231,5.0
11,115,2.0
11,1690,1.0
11,1199,4.0
11,1657,3.0
11,1311,1.0
11,376,4.0
11,1598,1.0
11,541,3.0
11,1184,3.0
11,630,5.0
11,2544,5.0
11,1166,1.0
11,2278,1.0
11,1057,4.0
11,634,1.0
11,418,1.0
11,555,5.0
11,1545,1.0
11,1778,4.0
11,1655,3.0
11,221,4.0
11,688,5.0
11,6,1.0
11,1858,3.0
11,273,5.0
11,1069,2.0
11,659,3.0
11,1471,5.0
11,1222,4.0
11,2003,2.0
11,496,1.0
11,1386,1.0
11,763,5.0
11,1480,1.0
11,207,4.0
11,1157,1.0
11,901,3.0
11,1761,3.0
11,728,5.0
11,1566,3.0
11,2465,2.0
11,1341,5.0
11,715,1.0
11,1616,3.0
11,977,2.0
11,103,4.0
11,535,4.0
11,939,4.0
11,1488,1.0
11,1214,4.0
11,1147,1.0
11,1810,4.0
11,2035,1.0
11,1141,5.0
11,1940,3.0
11,1835,5.0
11,2059,5.0
11,1456,1.0
11,284,1.0
11,951,3.0
11,1328,2.0
11,761,1.0
1,2461,1.0
1,1869,3.0
1,650,1.0
1,2450,3.0
1,1776,3.0
1,1244,3.0
1,1360,4.0
1,1803,2.0
1,129,2.0
1,1302,3.0
1,1654,3.0
1,435,3.0
1,508,1.0
1,1473,1.0
1,1522,1.0
1,1969,3.0
1,824,3.0
1,1002,3.0
1,641,1.0
1,2226,5.0
1,60,3.0
1,81,2.0
1,1750,3.0
1,1688,2.0
1,2380,1.0
1,1031,2.0
1,630,3.0
1,2056,2.0
1,1065,3.0
1,919,2.0
1,656,3.0
1,2048,5.0
1,1041,4.0
1,128,5.0
1,91,5.0
1,1270,1.0
1,1386,1.0
1,228,3.0
1,2553,1.0
1,1837,3.0
1,1595,3.0
1,393,3.0
1,412,5.0
1,1562,5.0
1,2001,3.0
1,1951,3.0
1,1924,3.0
1,2233,3.0
1,740,3.0
1,1285,3.0
1,1488,1.0
1,490,3.0
1,123,3.0
1,2110,3.0
1,2206,1.0
1,2035,1.0
1,1239,4.0
1,1722,5.0
1,2291,1.0
1,130,3.0
8,788,4.0
8,2213,4.0
8,2383,4.0
8,2151,3.0
8,592,2.0
8,419,3.0
8,1634,1.0
8,462,3.0
8,2074,4.0
8,1293,3.0
8,677,1.0
8,2401,3.0
8,1642,3.0
8,337,4.0
8,1395,1.0
8,161,4.0
8,1796,3.0
8,1739,1.0
8,32,1.0
8,1995,2.0
8,34,2.0
8,1104,5.0
8,460,5.0
8,1736,3.0
8,1473,1.0
8,2551,4.0
8,2051,4.0
8,1428,3.0
8,1084,2.0
8,1434,3.0
8,1580,2.0
8,399,4.0
8,1927,3.0
8,1881,3.0
8,1905,3.0
8,2417,2.0
8,2128,1.0
8,1447,1.0
8,1269,1.0
8,2500,4.0
8,1814,3.0
8,2358,4.0
8,2037,3.0
8,2078,4.0
8,160,5.0
8,619,5.0
8,374,4.0
8,1146,3.0
8,1723,5.0
8,220,3.0
8,630,4.0
8,2100,4.0
8,1158,3.0
8,1820,3.0
8,2032,4.0
8,1766,3.0
8,626,4.0
8,443,4.0
8,1188,3.0
8,2511,4.0
8,426,3.0
8,1508,5.0
8,518,4.0
8,1063,1.0
8,1352,4.0
8,1621,4.0
8,1686,3.0
8,283,1.0
8,1675,5.0
8,422,2.0
8,818,4.0
8,1523,4.0
8,2543,3.0
8,1069,2.0
8,1725,2.0
8,735,3.0
8,1375,3.0
8,1201,3.0
8,496,1.0
8,1148,3.0
8,2105,3.0
8,257,3.0
8,1386,1.0
8,1474,4.0
8,858,1.0
8,1532,4.0
8,210,4.0
8,2294,3.0
8,2004,5.0
8,227,2.0
8,550,4.0
8,180,4.0
8,1068,3.0
8,800,4.0
8,363,3.0
8,1676,4.0
8,200,3.0
8,2232,3.0
8,2099,5.0
8,1488,1.0
8,2076,1.0
8,25,3.0
8,627,4.0
8,324,3.0
8,2235,3.0
8,2343,3.0
8,2548,5.0
8,2469,2.0
8,2546,4.0
8,1320,2.0
8,975,4.0
8,1456,1.0
8,1090,5.0
8,963,1.0
8,8,5.0
5,1092,3.0
5,2451,3.0
5,1313,5.0
5,2407,2.0
5,2103,3.0
5,992,2.0
5,1622,3.0
5,1634,1.0
5,235,5.0
5,2298,2.0
5,853,1.0
5,1536,2.0
5,1995,2.0
5,34,3.0
5,322,2.0
5,124,5.0
5,1473,1.0
5,2516,3.0
5,1186,3.0
5,1353,3.0
5,765,4.0
5,1584,3.0
5,942,4.0
5,2060,3.0
5,2397,2.0
5,1447,1.0
5,1298,4.0
5,87,2.0
5,1814,2.0
5,781,2.0
5,1011,4.0
5,619,2.0
5,883,2.0
5,558,4.0
5,630,3.0
5,1230,2.0
5,1414,3.0
5,864,1.0
5,634,1.0
5,1077,3.0
5,846,3.0
5,1898,3.0
5,1763,3.0
5,782,2.0
5,2543,3.0
5,1069,1.0
5,1087,2.0
5,85,3.0
5,595,2.0
5,2448,2.0
5,893,3.0
5,2067,4.0
5,496,1.0
5,2311,2.0
5,1386,1.0
5,309,3.0
5,1480,2.0
5,858,2.0
5,790,5.0
5,1516,3.0
5,1420,3.0
5,2168,3.0
5,1696,3.0
5,370,2.0
5,2493,2.0
5,427,4.0
5,1307,3.0
5,2403,3.0
5,1769,1.0
5,535,3.0
5,1603,4.0
5,1193,3.0
5,1488,1.0
5,2513,3.0
5,97,2.0
5,1734,3.0
5,1369,1.0
5,280,3.0
5,2561,1.0
5,2549,3.0
5,2480,3.0
7,1092,3.0
7,1634,1.0
7,2475,4.0
7,974,2.0
7,182,2.0
7,314,3.0
7,323,1.0
7,809,3.0
7,2166,2.0
7,497,3.0
7,1376,5.0
7,1857,1.0
7,1256,3.0
7,695,3.0
7,143,2.0
7,355,1.0
7,118,4.0
7,2420,3.0
7,237,3.0
7,2143,1.0
7,1636,3.0
7,663,2.0
7,449,3.0
7,1975,3.0
7,2033,3.0
7,630,3.0
7,2100,2.0
7,584,2.0
7,1502,1.0
7,1894,5.0
7,108,1.0
7,312,2.0
7,1707,4.0
7,454,3.0
7,1517,4.0
7,1069,2.0
7,1169,2.0
7,1270,1.0
7,2399,2.0
7,1841,3.0
7,1386,1.0
7,2503,4.0
7,1028,2.0
7,469,1.0
7,1151,1.0
7,16,2.0
7,268,3.0
7,913,3.0
7,1209,3.0
7,2205,3.0
7,1177,2.0
7,2537,1.0
7,134,2.0
7,1467,3.0
7,535,3.0
7,7,2.0
7,138,2.0
7,1488,1.0
7,123,2.0
7,97,2.0
7,2110,2.0
7,2083,1.0
7,709,2.0
7,1117,3.0
7,2487,4.0
7,1966,4.0
7,2449,2.0
7,1090,2.0
7,1439,2.0
7,613,3.0
7,2020,1.0
32,2446,1.0
32,1125,5.0
32,2156,5.0
32,58,5.0
32,277,5.0
32,2509,5.0
32,2325,2.0
32,2502,2.0
32,2196,5.0
32,710,3.0
32,1561,5.0
32,1746,5.0
32,406,4.0
32,2229,4.0
32,1974,5.0
32,22,5.0
32,104,5.0
32,1370,5.0
32,2090,5.0
32,591,5.0
32,2316,5.0
32,681,5.0
32,1519,5.0
32,1326,4.0
32,213,5.0
32,1333,5.0
32,462,5.0
32,2309,5.0
32,2194,5.0
32,2436,3.0
32,1756,5.0
32,329,5.0
32,407,5.0
32,652,2.0
32,1977,3.0
32,1391,5.0
32,2520,5.0
32,1266,4.0
32,736,1.0
32,697,3.0
32,557,4.0
32,187,2.0
32,314,2.0
32,519,4.0
32,602,3.0
32,854,3.0
32,188,4.0
32,2445,5.0
32,2547,5.0
32,907,3.0
32,987,5.0
32,1581,1.0
32,2458,5.0
32,34,5.0
32,553,4.0
32,282,5.0
32,2026,1.0
32,1506,5.0
32,1324,4.0
32,863,3.0
32,288,4.0
32,1733,5.0
32,420,5.0
32,1550,4.0
32,1473,1.0
32,1066,4.0
32,1877,4.0
32,381,2.0
32,638,4.0
32,964,1.0
32,18,1.0
32,850,5.0
32,1604,5.0
32,875,5.0
32,3,5.0
32,2250,3.0
32,859,5.0
32,2139,4.0
32,1238,3.0
32,601,4.0
32,1121,2.0
32,2296,4.0
32,1364,5.0
32,768,5.0
32,1770,5.0
32,385,4.0
32,1588,5.0
32,2268,2.0
32,1578,5.0
32,251,5.0
32,845,3.0
32,962,3.0
32,232,5.0
32,2468,5.0
32,236,5.0
32,87,4.0
32,1354,5.0
32,405,5.0
32,2187,3.0
32,1674,3.0
32,1730,5.0
32,816,3.0
32,82,4.0
32,1632,5.0
32,266,5.0
32,741,1.0
32,525,3.0
32,700,5.0
32,2174,5.0
32,1673,5.0
32,2380,1.0
32,1257,5.0
32,2470,5.0
32,1106,4.0
32,921,3.0
32,1411,4.0
32,2531,3.0
32,714,1.0
32,567,3.0
32,1089,3.0
32,716,5.0
32,1274,3.0
32,1358,4.0
32,474,1.0
32,1860,4.0
32,2063,1.0
32,1594,5.0
32,509,4.0
32,1149,4.0
32,2094,5.0
32,1997,5.0
32,2525,1.0
32,1346,5.0
32,2138,3.0
32,203,5.0
32,253,3.0
32,233,4.0
32,1419,4.0
32,1250,5.0
32,2179,5.0
32,928,5.0
32,1251,1.0
32,2415,1.0
32,719,5.0
32,2159,5.0
32,1033,3.0
32,1579,4.0
32,830,1.0
32,493,3.0
32,1791,3.0
32,1801,3.0
32,616,3.0
32,2374,5.0
32,1265,4.0
32,356,1.0
32,1164,5.0
32,1875,5.0
32,1665,5.0
32,1669,5.0
32,2077,5.0
32,2127,4.0
32,758,3.0
32,1056,4.0
32,327,5.0
32,1275,5.0
32,2231,2.0
32,14,4.0
32,1406,4.0
32,737,5.0
32,804,1.0
32,389,5.0
32,670,1.0
32,1705,4.0
32,1824,1.0
32,1596,1.0
32,1698,5.0
32,2062,5.0
32,1949,4.0
32,181,5.0
32,149,5.0
32,1699,3.0
32,1316,3.0
32,797,4.0
32,166,5.0
32,947,4.0
32,2123,5.0
32,1317,3.0
32,1423,4.0
32,2126,5.0
32,1069,5.0
32,794,4.0
32,411,3.0
32,2273,1.0
32,1930,1.0
32,2238,5.0
32,1427,5.0
32,204,5.0
32,2216,3.0
32,1638,5.0
32,711,5.0
32,2471,5.0
32,133,4.0
32,275,4.0
32,1827,4.0
32,1052,5.0
32,400,5.0
32,466,3.0
32,1496,5.0
32,2452,5.0
32,1477,4.0
32,1386,1.0
32,684,4.0
32,1954,5.0
32,238,3.0
32,1639,4.0
32,576,4.0
32,295,5.0
32,1728,5.0
32,1780,5.0
32,439,4.0
32,986,4.0
32,259,3.0
32,1873,3.0
32,1067,3.0
32,1407,3.0
32,415,5.0
32,2364,5.0
32,2528,5.0
32,1236,5.0
32,1948,4.0
32,950,4.0
32,1492,4.0
32,2283,5.0
32,1928,1.0
32,1679,1.0
32,620,5.0
32,332,3.0
32,1094,5.0
32,317,3.0
32,2163,5.0
32,914,3.0
32,281,1.0
32,1984,5.0
32,1541,4.0
32,2262,5.0
32,878,5.0
32,560,5.0
32,366,4.0
32,230,5.0
32,1569,5.0
32,971,5.0
32,2557,1.0
32,1355,2.0
32,925,4.0
32,1847,4.0
32,911,1.0
32,1582,1.0
32,1458,5.0
32,1602,3.0
32,802,1.0
32,1403,1.0
32,1215,4.0
32,1279,5.0
32,396,5.0
32,423,4.0
32,2122,5.0
32,1227,1.0
32,904,1.0
32,1194,5.0
32,1587,2.0
32,103,3.0
32,535,4.0
32,1792,5.0
32,1623,5.0
32,304,5.0
32,2225,5.0
32,1488,1.0
32,679,5.0
32,2425,1.0
32,123,4.0
32,631,1.0
32,2508,5.0
32,1136,1.0
32,402,4.0
32,1332,5.0
32,76,2.0
32,1289,5.0
32,1838,4.0
32,2097,3.0
32,874,3.0
32,2014,4.0
32,1397,3.0
32,2035,1.0
32,461,5.0
32,1163,4.0
32,702,4.0
32,1737,4.0
32,1392,4.0
32,2095,3.0
32,757,5.0
32,2394,5.0
32,299,2.0
32,1748,5.0
32,1961,5.0
32,1374,3.0
32,994,5.0
32,2319,4.0
32,346,5.0
32,280,5.0
32,1006,5.0
32,125,1.0
32,1112,4.0
32,1378,4.0
32,2211,5.0
32,2240,3.0
32,791,1.0
32,2192,5.0
32,936,5.0
32,1863,3.0
32,2426,5.0
32,761,1.0
32,2210,5.0
32,2496,5.0
32,1097,1.0
32,1633,1.0
32,2480,4.0
32,492,4.0
23,650,1.0
23,1297,2.0
23,2450,5.0
23,1291,2.0
23,448,3.0
23,652,1.0
23,2285,3.0
23,1998,1.0
23,1712,2.0
23,1671,4.0
23,314,2.0
23,2204,3.0
23,121,2.0
23,1852,2.0
23,1551,1.0
23,34,2.0
23,2141,5.0
23,120,2.0
23,1819,3.0
23,1273,1.0
23,508,3.0
23,1473,1.0
23,848,2.0
23,1522,4.0
23,2472,1.0
23,641,1.0
23,852,3.0
23,704,1.0
23,2226,3.0
23,589,1.0
23,1465,3.0
23,580,3.0
23,336,1.0
23,2368,1.0
23,816,1.0
23,2423,3.0
23,1626,3.0
23,2304,3.0
23,1417,3.0
23,2101,1.0
23,630,3.0
23,1421,1.0
23,1455,2.0
23,841,3.0
23,1334,1.0
23,1661,3.0
23,1441,1.0
23,327,1.0
23,35,4.0
23,1208,1.0
23,2320,1.0
23,1041,4.0
23,1460,2.0
23,993,2.0
23,1069,3.0
23,2055,3.0
23,2169,1.0
23,2249,4.0
23,1270,1.0
23,194,1.0
23,858,1.0
23,2553,1.0
23,2145,3.0
23,1822,2.0
23,2355,2.0
23,2454,3.0
23,1959,2.0
23,1917,1.0
23,747,5.0
23,1951,2.0
23,1024,3.0
23,913,3.0
23,2467,2.0
23,56,1.0
23,1992,2.0
23,572,2.0
23,740,3.0
23,2463,1.0
23,1542,3.0
23,1224,3.0
23,1503,4.0
23,1488,2.0
23,490,1.0
23,2286,2.0
23,123,3.0
23,57,2.0
23,156,1.0
23,1223,3.0
23,2206,1.0
23,980,4.0
23,2082,3.0
23,2035,1.0
23,2012,2.0
23,587,5.0
23,918,2.0
23,849,1.0
23,1722,3.0
23,582,5.0
23,593,3.0
23,2291,2.0
23,54,1.0
23,2519,1.0
23,1243,2.0
23,2240,3.0
23,1086,1.0
23,1398,1.0
23,2247,4.0
23,2117,2.0
31,274,4.0
31,2502,2.0
31,1813,4.0
31,1977,3.0
31,334,1.0
31,1042,3.0
31,1995,3.0
31,34,4.0
31,863,1.0
31,1473,1.0
31,1653,1.0
31,18,3.0
31,2098,1.0
31,1604,3.0
31,733,5.0
31,2234,2.0
31,940,4.0
31,388,4.0
31,1379,3.0
31,1269,1.0
31,700,4.0
31,2380,1.0
31,630,3.0
31,2344,3.0
31,1076,5.0
31,2081,4.0
31,2138,3.0
31,338,3.0
31,478,3.0
31,2490,4.0
31,2134,1.0
31,1056,4.0
31,536,3.0
31,1912,4.0
31,760,2.0
31,2024,3.0
31,1363,5.0
31,444,1.0
31,568,3.0
31,1069,3.0
31,2308,1.0
31,1114,4.0
31,920,3.0
31,2029,4.0
31,159,5.0
31,466,4.0
31,1386,1.0
31,1639,4.0
31,1855,3.0
31,504,5.0
31,562,1.0
31,911,1.0
31,2315,3.0
31,2186,2.0
31,2232,3.0
31,1261,3.0
31,1165,3.0
31,80,4.0
31,1488,2.0
31,2097,3.0
31,874,2.0
31,1711,4.0
31,2035,1.0
31,849,1.0
31,1704,3.0
31,284,1.0
31,761,1.0
31,1633,1.0
31,1910,5.0
26,380,5.0
26,2104,2.0
26,2331,5.0
26,1746,5.0
26,2188,5.0
26,671,3.0
26,591,3.0
26,1622,4.0
26,1172,5.0
26,1318,3.0
26,2393,2.0
26,2191,3.0
26,1144,4.0
26,991,5.0
26,1266,1.0
26,2259,3.0
26,1204,2.0
26,1137,5.0
26,49,3.0
26,1536,2.0
26,890,4.0
26,176,5.0
26,987,4.0
26,1883,3.0
26,792,5.0
26,38,4.0
26,34,2.0
26,2538,3.0
26,1283,5.0
26,2412,4.0
26,1473,1.0
26,1653,3.0
26,2098,1.0
26,1404,1.0
26,1999,3.0
26,1399,3.0
26,765,5.0
26,1007,4.0
26,1010,5.0
26,645,1.0
26,840,3.0
26,2397,3.0
26,115,2.0
26,1730,2.0
26,421,3.0
26,2207,3.0
26,781,4.0
26,2046,1.0
26,564,3.0
26,2380,1.0
26,2485,2.0
26,1200,3.0
26,2253,2.0
26,594,4.0
26,1856,3.0
26,413,4.0
26,738,3.0
26,2387,3.0
26,2063,3.0
26,870,3.0
26,105,3.0
26,1329,1.0
26,1161,3.0
26,1419,3.0
26,1894,4.0
26,1500,4.0
26,100,2.0
26,2197,4.0
26,472,5.0
26,1004,2.0
26,2071,1.0
26,1713,1.0
26,1850,4.0
26,6,5.0
26,2137,4.0
26,2370,2.0
26,1069,2.0
26,1114,4.0
26,893,5.0
26,2220,3.0
26,1347,3.0
26,441,3.0
26,2158,3.0
26,465,3.0
26,643,3.0
26,1386,1.0
26,303,4.0
26,1807,3.0
26,1639,3.0
26,1480,2.0
26,1219,5.0
26,1254,3.0
26,935,3.0
26,790,5.0
26,1789,1.0
26,2322,3.0
26,775,3.0
26,144,3.0
26,2406,3.0
26,205,3.0
26,1637,3.0
26,1568,1.0
26,1303,3.0
26,1727,2.0
26,1529,5.0
26,1533,3.0
26,572,3.0
26,1060,2.0
26,2007,3.0
26,759,3.0
26,1276,2.0
26,535,5.0
26,1890,4.0
26,1488,2.0
26,47,5.0
26,306,1.0
26,1223,2.0
26,94,4.0
26,599,4.0
26,2035,1.0
26,583,3.0
26,2555,5.0
26,1785,4.0
26,2288,3.0
26,1315,1.0
26,2375,4.0
26,475,5.0
26,1450,1.0
26,1772,1.0
26,1932,3.0
26,1132,5.0
26,119,4.0
26,492,3.0
34,1609,2.0
34,793,4.0
34,2039,2.0
34,406,1.0
34,2229,2.0
34,2107,4.0
34,997,3.0
34,1978,2.0
34,515,3.0
34,335,4.0
34,1853,3.0
34,1933,1.0
34,362,3.0
34,1301,2.0
34,1266,5.0
34,184,1.0
34,1461,3.0
34,1155,4.0
34,1586,4.0
34,552,3.0
34,2464,2.0
34,1286,3.0
34,314,2.0
34,153,1.0
34,725,3.0
34,1891,3.0
34,884,3.0
34,1773,3.0
34,2434,4.0
34,1080,2.0
34,1798,1.0
34,608,3.0
34,445,3.0
34,135,1.0
34,384,3.0
34,305,3.0
34,1714,3.0
34,537,3.0
34,1576,2.0
34,2252,3.0
34,581,2.0
34,970,3.0
34,1887,2.0
34,3,2.0
34,2199,3.0
34,556,3.0
34,612,1.0
34,437,2.0
34,1192,1.0
34,163,1.0
34,774,3.0
34,215,3.0
34,961,3.0
34,1631,3.0
34,1262,1.0
34,23,2.0
34,574,1.0
34,642,3.0
34,2293,3.0
34,2053,3.0
34,1138,4.0
34,2301,3.0
34,2295,2.0
34,2366,2.0
34,310,2.0
34,2091,3.0
34,1889,2.0
34,237,3.0
34,286,3.0
34,786,3.0
34,1133,3.0
34,1401,4.0
34,903,3.0
34,2381,3.0
34,1402,2.0
34,1553,3.0
34,2027,1.0
34,1499,5.0
34,2239,3.0
34,630,4.0
34,89,1.0
34,105,2.0
34,1859,3.0
34,544,1.0
34,668,3.0
34,773,2.0
34,718,3.0
34,1894,5.0
34,1965,3.0
34,2517,3.0
34,998,2.0
34,919,2.0
34,151,1.0
34,1384,2.0
34,1900,3.0
34,749,5.0
34,1131,4.0
34,1212,3.0
34,1389,5.0
34,472,4.0
34,1025,2.0
34,1515,3.0
34,605,4.0
34,690,2.0
34,2398,3.0
34,273,3.0
34,968,4.0
34,2292,2.0
34,4,4.0
34,55,2.0
34,1958,3.0
34,729,4.0
34,1309,2.0
34,1123,3.0
34,2340,3.0
34,456,3.0
34,313,3.0
34,666,5.0
34,1405,2.0
34,1336,3.0
34,1577,3.0
34,1386,1.0
34,1290,3.0
34,2409,2.0
34,1784,2.0
34,2161,2.0
34,1480,4.0
34,152,3.0
34,1726,3.0
34,1431,2.0
34,350,3.0
34,1176,5.0
34,1072,1.0
34,1809,3.0
34,279,1.0
34,1641,2.0
34,667,3.0
34,2258,2.0
34,1390,3.0
34,550,3.0
34,1493,3.0
34,810,4.0
34,565,3.0
34,1022,3.0
34,1109,1.0
34,623,3.0
34,471,1.0
34,885,3.0
34,2336,2.0
34,844,1.0
34,1071,4.0
34,2465,2.0
34,1696,1.0
34,2144,2.0
34,538,3.0
34,911,3.0
34,722,3.0
34,578,3.0
34,2510,1.0
34,1306,3.0
34,2132,5.0
34,1467,3.0
34,417,1.0
34,535,3.0
34,1821,2.0
34,1224,2.0
34,823,3.0
34,1193,3.0
34,795,2.0
34,701,1.0
34,743,3.0
34,1488,1.0
34,1946,3.0
34,1464,2.0
34,123,4.0
34,627,2.0
34,1771,2.0
34,1742,2.0
34,1438,1.0
34,269,2.0
34,2438,2.0
34,820,2.0
34,1322,3.0
34,1436,3.0
34,742,4.0
34,724,4.0
34,2,3.0
34,1759,3.0
34,685,3.0
34,1483,3.0
34,822,3.0
34,1871,3.0
34,1241,3.0
34,1020,3.0
34,1979,3.0
34,122,3.0
34,387,3.0
34,2549,3.0
34,1349,3.0
34,137,2.0
21,1005,4.0
21,710,3.0
21,2317,2.0
21,1395,1.0
21,1385,4.0
21,1800,1.0
21,34,3.0
21,756,3.0
21,1473,1.0
21,744,3.0
21,1113,3.0
21,2236,3.0
21,889,3.0
21,452,3.0
21,868,2.0
21,876,3.0
21,1865,2.0
21,546,3.0
21,630,3.0
21,1695,2.0
21,292,2.0
21,1828,3.0
21,75,3.0
21,1429,3.0
21,468,3.0
21,938,3.0
21,44,3.0
21,2514,2.0
21,597,4.0
21,1486,3.0
21,2399,4.0
21,1386,2.0
21,2057,1.0
21,150,5.0
21,48,4.0
21,382,4.0
21,1837,3.0
21,1453,3.0
21,1751,2.0
21,1543,3.0
21,1917,3.0
21,1071,2.0
21,2465,2.0
21,614,3.0
21,1100,5.0
21,771,5.0
21,1518,4.0
21,535,3.0
21,260,3.0
21,1488,2.0
21,2044,1.0
21,123,3.0
21,1062,3.0
21,2288,2.0
21,403,2.0
21,1469,3.0
21,703,2.0
21,457,2.0
13,2502,2.0
13,494,1.0
13,1172,5.0
13,378,3.0
13,235,3.0
13,1987,3.0
13,49,3.0
13,1139,2.0
13,987,3.0
13,1473,1.0
13,1526,2.0
13,859,5.0
13,1308,3.0
13,86,2.0
13,53,2.0
13,60,3.0
13,2417,3.0
13,336,1.0
13,816,1.0
13,1585,2.0
13,2046,3.0
13,2369,2.0
13,2535,2.0
13,1834,4.0
13,585,2.0
13,1331,2.0
13,630,3.0
13,1419,2.0
13,1107,1.0
13,1030,1.0
13,2080,4.0
13,1572,1.0
13,164,5.0
13,340,2.0
13,926,2.0
13,2307,3.0
13,6,2.0
13,2137,2.0
13,2041,2.0
13,659,3.0
13,1069,3.0
13,2299,1.0
13,896,4.0
13,1386,3.0
13,1639,2.0
13,790,5.0
13,2034,1.0
13,88,3.0
13,1917,1.0
13,211,3.0
13,501,1.0
13,1061,5.0
13,397,2.0
13,2414,2.0
13,717,3.0
13,953,4.0
13,80,2.0
13,535,3.0
13,1488,3.0
13,2378,4.0
13,1394,3.0
13,306,1.0
13,2006,2.0
13,1006,2.0
13,392,2.0
13,248,1.0
2,433,1.0
2,1634,1.0
2,2562,4.0
2,463,3.0
2,2345,3.0
2,785,4.0
2,1395,1.0
2,168,4.0
2,2092,4.0
2,1150,4.0
2,2053,2.0
2,879,4.0
2,255,4.0
2,191,1.0
2,2248,4.0
2,857,4.0
2,46,4.0
2,2300,1.0
2,630,4.0
2,1752,3.0
2,2178,3.0
2,2071,1.0
2,1922,3.0
2,2167,4.0
2,2342,2.0
2,1270,1.0
2,19,3.0
2,2255,4.0
2,1386,1.0
2,2360,3.0
2,469,1.0
2,1491,3.0
2,540,3.0
2,2379,5.0
2,5,4.0
2,535,4.0
2,1488,1.0
2,348,4.0
2,372,3.0
2,368,4.0
2,1663,2.0
2,899,4.0
2,2384,2.0
2,1410,3.0
2,1062,5.0
2,2347,3.0
2,513,5.0
2,43,3.0
2,1342,3.0
2,1444,4.0
14,2502,2.0
14,183,4.0
14,1634,1.0
14,1001,3.0
14,314,3.0
14,34,1.0
14,2115,3.0
14,1473,1.0
14,873,5.0
14,528,3.0
14,2098,1.0
14,2199,3.0
14,2524,3.0
14,2136,5.0
14,1269,1.0
14,1781,2.0
14,2411,4.0
14,1750,3.0
14,1692,2.0
14,1950,4.0
14,2489,4.0
14,630,3.0
14,2081,3.0
14,634,1.0
14,1195,4.0
14,1916,3.0
14,1372,1.0
14,934,5.0
14,947,3.0
14,1069,1.0
14,496,1.0
14,1386,1.0
14,1480,1.0
14,1182,1.0
14,28,1.0
14,913,4.0
14,897,4.0
14,2465,2.0
14,911,1.0
14,103,3.0
14,535,3.0
14,1488,1.0
14,2035,1.0
14,1722,1.0
14,74,4.0
14,2240,3.0
17,1092,3.0
17,633,3.0
17,748,4.0
17,1005,3.0
17,1561,4.0
17,2198,4.0
17,2154,1.0
17,905,1.0
17,1664,3.0
17,1622,4.0
17,1684,3.0
17,2499,2.0
17,652,2.0
17,2259,4.0
17,764,1.0
17,112,4.0
17,455,3.0
17,1544,3.0
17,1937,3.0
17,1512,3.0
17,1536,2.0
17,49,3.0
17,67,3.0
17,987,3.0
17,1897,2.0
17,943,3.0
17,1747,2.0
17,34,3.0
17,2541,3.0
17,398,3.0
17,2282,3.0
17,2558,3.0
17,1228,2.0
17,1473,1.0
17,1574,1.0
17,1892,2.0
17,18,3.0
17,765,5.0
17,2199,2.0
17,1237,3.0
17,86,3.0
17,632,2.0
17,1408,1.0
17,2330,3.0
17,754,1.0
17,2466,2.0
17,596,3.0
17,215,3.0
17,2324,2.0
17,1298,5.0
17,1814,3.0
17,781,4.0
17,833,3.0
17,1168,2.0
17,2535,2.0
17,1449,3.0
17,2539,3.0
17,755,2.0
17,267,3.0
17,1126,3.0
17,177,3.0
17,1051,4.0
17,1826,3.0
17,630,3.0
17,1421,3.0
17,341,2.0
17,1752,3.0
17,1338,2.0
17,2215,3.0
17,1414,3.0
17,2138,2.0
17,634,1.0
17,2302,4.0
17,772,2.0
17,1817,3.0
17,2552,2.0
17,297,3.0
17,1925,4.0
17,1077,3.0
17,2197,3.0
17,1055,1.0
17,2418,3.0
17,1545,3.0
17,1413,3.0
17,1764,4.0
17,1705,1.0
17,2201,3.0
17,2048,4.0
17,1004,2.0
17,2430,3.0
17,331,2.0
17,1575,3.0
17,212,5.0
17,217,5.0
17,2200,2.0
17,1850,4.0
17,2137,3.0
17,696,4.0
17,436,3.0
17,2219,3.0
17,2352,4.0
17,347,2.0
17,1958,4.0
17,1426,3.0
17,1811,2.0
17,473,3.0
17,893,4.0
17,111,3.0
17,1128,5.0
17,673,4.0
17,441,1.0
17,1941,3.0
17,1386,1.0
17,1795,5.0
17,1226,3.0
17,2391,2.0
17,902,3.0
17,576,3.0
17,2203,2.0
17,1443,3.0
17,2182,3.0
17,843,2.0
17,672,3.0
17,1153,3.0
17,1755,1.0
17,2454,4.0
17,2570,1.0
17,609,4.0
17,1754,3.0
17,1321,3.0
17,1917,2.0
17,1921,3.0
17,1127,2.0
17,1667,3.0
17,1071,4.0
17,1479,3.0
17,427,5.0
17,1070,2.0
17,1307,3.0
17,1649,2.0
17,1534,5.0
17,535,5.0
17,1394,3.0
17,1310,1.0
17,506,2.0
17,829,5.0
17,126,1.0
17,1771,3.0
17,2110,3.0
17,1223,3.0
17,1197,3.0
17,270,3.0
17,1433,5.0
17,599,1.0
17,2443,1.0
17,720,3.0
17,646,3.0
17,662,5.0
17,583,3.0
17,1567,3.0
17,776,3.0
17,661,1.0
17,2288,3.0
17,985,4.0
17,1064,3.0
17,1702,2.0
17,1989,4.0
17,1640,3.0
17,392,2.0
17,784,5.0
17,1691,5.0
17,489,2.0
17,1868,4.0
17,484,1.0
17,1173,3.0
17,113,3.0
17,1952,1.0
17,999,3.0
17,1531,2.0
3,1425,3.0
3,2502,2.0
3,1267,2.0
3,2039,1.0
3,2058,1.0
3,2323,3.0
3,1607,3.0
3,1395,1.0
3,621,1.0
3,1473,1.0
3,78,3.0
3,1887,2.0
3,1631,3.0
3,2295,2.0
3,2420,3.0
3,585,2.0
3,1331,2.0
3,630,3.0
3,969,3.0
3,1894,3.0
3,1527,1.0
3,2517,3.0
3,1615,3.0
3,995,2.0
3,1053,1.0
3,2474,2.0
3,1069,2.0
3,33,2.0
3,1862,2.0
3,31,3.0
3,896,3.0
3,1386,1.0
3,1178,3.0
3,1597,2.0
3,1943,3.0
3,658,4.0
3,1475,2.0
3,807,3.0
3,2184,5.0
3,2084,2.0
3,2465,2.0
3,535,3.0
3,7,1.0
3,1488,1.0
3,2257,1.0
3,1454,3.0
3,1501,3.0
3,1410,2.0
3,9,2.0
3,1591,2.0
3,1931,3.0
3,2121,2.0
3,72,2.0
24,2183,4.0
24,1140,5.0
24,746,1.0
24,2264,3.0
24,1586,3.0
24,153,1.0
24,1796,4.0
24,1556,2.0
24,34,3.0
24,2115,1.0
24,2282,2.0
24,1189,3.0
24,1473,1.0
24,2098,1.0
24,641,1.0
24,959,4.0
24,1027,4.0
24,2568,2.0
24,479,5.0
24,1888,3.0
24,1218,2.0
24,1547,4.0
24,630,3.0
24,1240,3.0
24,2552,1.0
24,2241,2.0
24,635,1.0
24,1009,2.0
24,1123,2.0
24,666,2.0
24,1507,2.0
24,1386,1.0
24,1154,1.0
24,2190,3.0
24,1971,3.0
24,1160,3.0
24,1658,5.0
24,1923,5.0
24,298,3.0
24,370,2.0
24,2116,5.0
24,535,4.0
24,2110,1.0
24,957,5.0
24,543,3.0
24,2047,3.0
24,2288,3.0
24,2,3.0
24,1112,2.0
4,2325,2.0
4,2400,4.0
4,2371,2.0
4,1005,2.0
4,12,4.0
4,1986,3.0
4,866,1.0
4,1468,3.0
4,2429,3.0
4,142,2.0
4,1990,1.0
4,263,2.0
4,1899,2.0
4,1685,4.0
4,314,2.0
4,1536,3.0
4,390,3.0
4,1953,3.0
4,1300,2.0
4,34,3.0
4,2538,3.0
4,467,3.0
4,1143,3.0
4,1442,3.0
4,2149,4.0
4,1473,1.0
4,2093,3.0
4,2086,2.0
4,2113,3.0
4,618,5.0
4,811,3.0
4,173,4.0
4,2501,1.0
4,1409,1.0
4,865,4.0
4,2092,3.0
4,2482,4.0
4,2042,2.0
4,930,2.0
4,2111,3.0
4,637,4.0
4,2428,1.0
4,1292,3.0
4,821,1.0
4,1872,3.0
4,1247,3.0
4,59,3.0
4,510,3.0
4,2102,1.0
4,2389,3.0
4,1260,3.0
4,1573,2.0
4,569,4.0
4,1190,1.0
4,1021,3.0
4,630,3.0
4,1414,3.0
4,1043,2.0
4,2189,1.0
4,520,3.0
4,1944,4.0
4,15,4.0
4,1779,2.0
4,1088,3.0
4,1393,4.0
4,383,3.0
4,2025,2.0
4,1545,3.0
4,1287,2.0
4,1831,3.0
4,1628,1.0
4,1902,5.0
4,789,2.0
4,559,3.0
4,1938,2.0
4,1185,3.0
4,2173,3.0
4,1818,3.0
4,893,3.0
4,941,3.0
4,441,4.0
4,2424,4.0
4,1336,3.0
4,530,3.0
4,1386,1.0
4,216,2.0
4,790,5.0
4,2068,4.0
4,683,4.0
4,2346,1.0
4,1180,2.0
4,1514,2.0
4,622,4.0
4,1048,4.0
4,354,3.0
4,2465,2.0
4,1476,3.0
4,1590,3.0
4,726,2.0
4,1070,4.0
4,1741,5.0
4,532,2.0
4,1430,3.0
4,103,3.0
4,535,4.0
4,1224,2.0
4,1603,1.0
4,1488,1.0
4,1259,3.0
4,1134,2.0
4,1435,5.0
4,1253,4.0
4,123,2.0
4,306,1.0
4,627,1.0
4,2110,3.0
4,229,5.0
4,2218,3.0
4,20,3.0
4,554,3.0
4,984,1.0
4,806,4.0
4,2047,3.0
4,2277,3.0
4,583,3.0
4,678,3.0
4,245,3.0
4,2288,2.0
4,165,2.0
4,1082,2.0
4,1985,3.0
4,1956,2.0
4,2349,3.0
4,783,3.0
4,1444,4.0
6,2461,1.0
6,247,5.0
6,2050,4.0
6,665,1.0
6,1783,4.0
6,2281,5.0
6,2559,5.0
6,2264,5.0
6,314,3.0
6,2345,4.0
6,898,5.0
6,1536,4.0
6,447,5.0
6,1368,4.0
6,785,4.0
6,1581,4.0
6,694,3.0
6,2571,4.0
6,1255,5.0
6,34,1.0
6,359,4.0
6,1747,3.0
6,476,4.0
6,1029,4.0
6,1957,3.0
6,1648,3.0
6,2036,3.0
6,2419,5.0
6,1473,1.0
6,769,5.0
6,2529,4.0
6,2098,1.0
6,1196,3.0
6,1973,5.0
6,1982,1.0
6,2147,5.0
6,1237,3.0
6,1797,5.0
6,812,5.0
6,1150,3.0
6,1886,5.0
6,1039,5.0
6,2350,2.0
6,431,3.0
6,1765,4.0
6,2367,4.0
6,1703,5.0
6,1248,4.0
6,177,4.0
6,1451,2.0
6,750,5.0
6,630,5.0
6,753,5.0
6,1452,2.0
6,634,1.0
6,2302,5.0
6,1502,1.0
6,919,2.0
6,1459,1.0
6,698,4.0
6,1612,4.0
6,2245,1.0
6,2395,5.0
6,926,3.0
6,2017,5.0
6,343,5.0
6,2064,5.0
6,139,5.0
6,1460,5.0
6,1521,5.0
6,1373,5.0
6,2433,5.0
6,79,3.0
6,1386,1.0
6,1563,5.0
6,1896,4.0
6,858,2.0
6,2553,1.0
6,210,4.0
6,1294,5.0
6,1206,5.0
6,302,5.0
6,867,5.0
6,2379,5.0
6,1304,4.0
6,535,5.0
6,1874,4.0
6,2019,3.0
6,2481,5.0
6,1488,1.0
6,1968,5.0
6,1786,5.0
6,229,5.0
6,2206,1.0
6,554,3.0
6,1600,4.0
6,171,5.0
6,2476,4.0
6,2347,4.0
6,2243,4.0
6,1494,4.0
6,1444,5.0
27,380,3.0
27,1463,1.0
27,777,3.0
27,40,3.0
27,1005,2.0
27,906,2.0
27,958,1.0
27,692,2.0
27,598,1.0
27,1682,3.0
27,660,1.0
27,1535,3.0
27,571,2.0
27,314,2.0
27,451,2.0
27,1159,2.0
27,1171,3.0
27,1635,1.0
27,682,1.0
27,2328,4.0
27,0,1.0
27,2106,2.0
27,1473,1.0
27,2113,2.0
27,1381,5.0
27,1599,1.0
27,1308,3.0
27,482,3.0
27,320,4.0
27,2385,2.0
27,157,2.0
27,53,1.0
27,1130,2.0
27,218,4.0
27,2373,1.0
27,2157,1.0
27,147,2.0
27,1618,2.0
27,610,2.0
27,2289,3.0
27,1549,3.0
27,479,3.0
27,723,1.0
27,440,2.0
27,2015,2.0
27,585,1.0
27,2155,3.0
27,502,3.0
27,249,2.0
27,1540,2.0
27,2389,3.0
27,62,3.0
27,832,2.0
27,630,4.0
27,2023,3.0
27,2109,3.0
27,2138,2.0
27,425,2.0
27,294,2.0
27,410,2.0
27,1906,3.0
27,931,1.0
27,2176,2.0
27,470,4.0
27,1145,1.0
27,752,3.0
27,577,2.0
27,13,3.0
27,1004,2.0
27,1487,2.0
27,838,3.0
27,1646,3.0
27,1934,4.0
27,2442,2.0
27,2402,1.0
27,2011,2.0
27,2363,2.0
27,2167,2.0
27,2003,1.0
27,1123,3.0
27,2506,2.0
27,2437,2.0
27,1386,2.0
27,1424,2.0
27,1943,1.0
27,675,1.0
27,1913,2.0
27,1679,2.0
27,796,3.0
27,2392,3.0
27,1917,3.0
27,2465,3.0
27,1061,5.0
27,588,2.0
27,2018,1.0
27,290,2.0
27,535,3.0
27,916,1.0
27,1530,2.0
27,639,5.0
27,1488,2.0
27,1359,3.0
27,123,3.0
27,459,3.0
27,1983,1.0
27,806,3.0
27,1016,5.0
27,1942,4.0
27,849,1.0
27,2242,1.0
27,432,3.0
27,1722,2.0
27,516,1.0
27,803,1.0
27,996,2.0
27,590,2.0
27,1955,2.0
27,817,4.0
27,2054,1.0
27,391,2.0
27,1777,2.0
27,127,3.0
29,2461,1.0
29,917,1.0
29,650,1.0
29,2261,3.0
29,1947,1.0
29,1732,4.0
29,1586,3.0
29,314,3.0
29,842,1.0
29,1473,1.0
29,258,3.0
29,2093,3.0
29,988,3.0
29,107,5.0
29,2491,3.0
29,2199,1.0
29,641,1.0
29,365,4.0
29,157,3.0
29,2350,1.0
29,629,2.0
29,1972,3.0
29,978,4.0
29,1366,3.0
29,541,2.0
29,1099,3.0
29,1826,4.0
29,630,4.0
29,2305,3.0
29,1808,5.0
29,894,3.0
29,891,3.0
29,1478,4.0
29,1452,2.0
29,1502,1.0
29,158,4.0
29,151,4.0
29,533,2.0
29,327,1.0
29,647,3.0
29,1775,3.0
29,926,3.0
29,139,3.0
29,782,5.0
29,488,2.0
29,2308,1.0
29,1216,2.0
29,1270,1.0
29,1386,1.0
29,1639,2.0
29,1480,2.0
29,858,1.0
29,2553,1.0
29,210,2.0
29,71,5.0
29,1718,4.0
29,689,3.0
29,36,3.0
29,2465,2.0
29,1558,4.0
29,819,5.0
29,805,1.0
29,1306,1.0
29,1124,1.0
29,2181,3.0
29,1488,1.0
29,123,1.0
29,2195,2.0
29,485,2.0
29,358,5.0
29,1722,1.0
29,278,4.0
20,827,3.0
20,2327,5.0
20,1472,4.0
20,330,3.0
20,491,5.0
20,2066,5.0
20,197,4.0
20,1794,3.0
20,2130,5.0
20,1037,4.0
20,65,5.0
20,973,4.0
20,1202,5.0
20,2254,5.0
20,172,4.0
20,2096,3.0
20,70,4.0
20,946,4.0
20,1790,3.0
20,110,5.0
20,1110,4.0
20,2456,5.0
20,1345,3.0
20,100,4.0
20,2333,3.0
20,2432,3.0
20,333,5.0
20,1040,4.0
20,430,4.0
20,522,5.0
20,1882,5.0
20,481,5.0
20,2284,4.0
20,264,2.0
20,521,5.0
20,526,3.0
20,1174,4.0
20,73,3.0
20,1445,5.0
20,352,4.0
20,1416,3.0
20,68,4.0
22,2461,1.0
22,2532,2.0
22,652,1.0
22,1350,3.0
22,2265,3.0
22,176,3.0
22,390,5.0
22,808,3.0
22,1473,1.0
22,1625,2.0
22,2098,1.0
22,1672,3.0
22,1680,1.0
22,586,4.0
22,2208,3.0
22,1213,3.0
22,115,1.0
22,1014,5.0
22,1564,3.0
22,2038,1.0
22,1200,2.0
22,169,3.0
22,276,2.0
22,1782,3.0
22,952,4.0
22,2134,1.0
22,1129,2.0
22,670,4.0
22,1004,1.0
22,444,1.0
22,1708,4.0
22,167,2.0
22,1386,1.0
22,1480,1.0
22,1282,3.0
22,856,4.0
22,1044,4.0
22,1992,2.0
22,535,4.0
22,1488,2.0
22,2040,3.0
22,2035,1.0
22,1970,1.0
22,849,1.0
22,1666,5.0
22,1589,2.0
22,2390,1.0
22,377,1.0
15,788,1.0
15,2502,2.0
15,1760,3.0
15,1313,5.0
15,905,3.0
15,2045,4.0
15,2140,4.0
15,1396,3.0
15,234,5.0
15,654,4.0
15,1266,4.0
15,828,5.0
15,314,3.0
15,414,5.0
15,2356,4.0
15,1995,4.0
15,693,3.0
15,34,3.0
15,1559,5.0
15,1473,1.0
15,364,5.0
15,824,5.0
15,1353,3.0
15,940,5.0
15,766,4.0
15,1343,4.0
15,2133,3.0
15,53,4.0
15,1362,5.0
15,115,1.0
15,781,4.0
15,1187,5.0
15,1681,2.0
15,883,4.0
15,2531,2.0
15,1805,5.0
15,534,2.0
15,630,5.0
15,2552,1.0
15,344,5.0
15,1509,2.0
15,1077,4.0
15,647,3.0
15,847,3.0
15,1545,1.0
15,1115,3.0
15,351,4.0
15,39,3.0
15,1850,3.0
15,1571,3.0
15,2545,4.0
15,1583,5.0
15,2308,1.0
15,1079,5.0
15,893,4.0
15,600,3.0
15,289,4.0
15,1555,3.0
15,910,2.0
15,730,3.0
15,257,3.0
15,1386,1.0
15,1032,3.0
15,1480,1.0
15,1967,1.0
15,858,2.0
15,214,2.0
15,1365,3.0
15,1264,5.0
15,869,3.0
15,1296,3.0
15,1420,3.0
15,199,5.0
15,745,3.0
15,244,4.0
15,2405,2.0
15,1649,1.0
15,29,5.0
15,2403,3.0
15,535,5.0
15,1488,1.0
15,90,5.0
15,69,5.0
15,2110,1.0
15,185,5.0
15,1152,2.0
15,1823,3.0
15,280,4.0
15,1989,3.0
15,2422,4.0
15,1693,5.0
15,489,1.0
15,1868,1.0
15,1878,1.0
10,1538,5.0
10,1172,3.0
10,1380,4.0
10,2382,5.0
10,937,3.0
10,2244,3.0
10,707,5.0
10,1473,1.0
10,581,4.0
10,2098,2.0
10,1911,3.0
10,1904,3.0
10,2350,1.0
10,1269,1.0
10,887,4.0
10,548,4.0
10,310,3.0
10,2380,1.0
10,2222,2.0
10,558,4.0
10,1085,3.0
10,630,4.0
10,2081,3.0
10,386,3.0
10,2134,1.0
10,1004,2.0
10,444,1.0
10,1713,1.0
10,2308,1.0
10,2238,4.0
10,600,2.0
10,855,3.0
10,496,1.0
10,1361,2.0
10,1788,4.0
10,1386,1.0
10,1706,4.0
10,2162,4.0
10,353,1.0
10,1277,2.0
10,2484,3.0
10,2534,1.0
10,542,3.0
10,428,5.0
10,2465,2.0
10,805,2.0
10,1645,3.0
10,1614,3.0
10,2477,2.0
10,424,1.0
10,505,4.0
10,1603,2.0
10,1488,1.0
10,579,2.0
10,780,2.0
10,948,1.0
10,123,4.0
10,2110,3.0
10,1724,4.0
10,246,3.0
10,1205,3.0
10,2059,3.0
10,226,2.0
10,1415,3.0
10,392,1.0
10,1843,3.0
10,487,4.0
10,1481,4.0
10,1878,1.0
10,1444,3.0
19,96,3.0
19,862,2.0
19,2085,4.0
19,1538,5.0
19,1793,2.0
19,1081,5.0
19,1245,4.0
19,104,5.0
19,1634,3.0
19,664,4.0
19,1,4.0
19,235,5.0
19,507,3.0
19,2152,2.0
19,256,4.0
19,464,1.0
19,1914,3.0
19,2376,4.0
19,1302,3.0
19,1635,3.0
19,1551,1.0
19,1747,4.0
19,1273,4.0
19,2070,2.0
19,1473,1.0
19,2069,5.0
19,1815,2.0
19,2030,2.0
19,1539,5.0
19,2354,1.0
19,967,4.0
19,1295,4.0
19,1181,2.0
19,641,1.0
19,1101,3.0
19,2388,3.0
19,2321,5.0
19,1362,2.0
19,1344,4.0
19,2002,1.0
19,336,1.0
19,2230,4.0
19,1325,3.0
19,2408,1.0
19,1489,3.0
19,2367,3.0
19,1211,1.0
19,1738,5.0
19,2102,2.0
19,1643,4.0
19,1547,3.0
19,1049,3.0
19,2101,4.0
19,630,4.0
19,1015,3.0
19,751,3.0
19,972,3.0
19,1908,3.0
19,2339,4.0
19,1554,3.0
19,2478,3.0
19,1462,4.0
19,1004,2.0
19,2119,3.0
19,2129,3.0
19,2164,4.0
19,321,2.0
19,1644,2.0
19,1299,1.0
19,1624,2.0
19,2504,3.0
19,483,2.0
19,1095,3.0
19,1757,2.0
19,155,3.0
19,2255,3.0
19,1386,2.0
19,2565,3.0
19,1836,4.0
19,2087,1.0
19,2540,1.0
19,2124,4.0
19,202,4.0
19,2061,4.0
19,1271,1.0
19,429,3.0
19,680,2.0
19,799,3.0
19,192,2.0
19,835,3.0
19,1613,2.0
19,1605,4.0
19,524,5.0
19,1833,4.0
19,1491,3.0
19,1341,5.0
19,2379,5.0
19,2303,4.0
19,1542,3.0
19,535,4.0
19,743,3.0
19,1488,3.0
19,1183,1.0
19,1528,3.0
19,945,3.0
19,2089,5.0
19,778,5.0
19,849,1.0
19,1940,4.0
19,966,3.0
19,617,5.0
19,731,4.0
19,1038,4.0
19,41,3.0
19,225,3.0
19,1098,2.0
19,990,2.0
30,380,2.0
30,1092,3.0
30,912,3.0
30,1606,5.0
30,2318,4.0
30,433,1.0
30,349,2.0
30,1683,1.0
30,611,4.0
30,650,1.0
30,655,3.0
30,2337,5.0
30,779,4.0
30,1234,4.0
30,997,5.0
30,1849,5.0
30,1756,5.0
30,1156,5.0
30,1119,4.0
30,1945,5.0
30,52,2.0
30,1266,5.0
30,2221,3.0
30,1719,3.0
30,1510,1.0
30,736,3.0
30,2332,3.0
30,1712,3.0
30,2009,5.0
30,892,1.0
30,2306,1.0
30,170,3.0
30,262,2.0
30,1448,4.0
30,2212,1.0
30,84,5.0
30,523,3.0
30,1749,3.0
30,2010,5.0
30,1367,3.0
30,1026,5.0
30,2013,3.0
30,34,4.0
30,842,1.0
30,1520,5.0
30,2276,4.0
30,923,4.0
30,537,4.0
30,508,1.0
30,1473,1.0
30,734,1.0
30,371,2.0
30,2287,2.0
30,924,2.0
30,2098,1.0
30,453,3.0
30,2125,5.0
30,1999,4.0
30,514,2.0
30,1399,3.0
30,1237,3.0
30,1619,3.0
30,2329,5.0
30,1881,3.0
30,1918,3.0
30,1495,4.0
30,2324,1.0
30,11,2.0
30,561,3.0
30,195,2.0
30,2350,3.0
30,1175,5.0
30,1058,3.0
30,1745,4.0
30,1138,4.0
30,1327,4.0
30,2263,4.0
30,2028,3.0
30,1268,3.0
30,1280,3.0
30,2439,3.0
30,1220,5.0
30,1203,3.0
30,1889,4.0
30,882,5.0
30,839,3.0
30,2523,4.0
30,2380,1.0
30,861,3.0
30,2108,5.0
30,836,3.0
30,549,4.0
30,1023,4.0
30,2310,3.0
30,1437,5.0
30,1826,3.0
30,1417,3.0
30,630,5.0
30,446,4.0
30,2081,5.0
30,1799,3.0
30,1717,3.0
30,1093,3.0
30,1288,5.0
30,2278,3.0
30,545,4.0
30,1446,2.0
30,915,3.0
30,1790,2.0
30,198,3.0
30,2290,3.0
30,772,3.0
30,955,4.0
30,315,4.0
30,1393,2.0
30,2114,2.0
30,100,3.0
30,1045,4.0
30,2348,4.0
30,37,4.0
30,2365,4.0
30,1778,5.0
30,2256,5.0
30,1422,3.0
30,1170,4.0
30,933,4.0
30,1371,3.0
30,6,4.0
30,222,4.0
30,1521,4.0
30,301,4.0
30,1818,3.0
30,1926,3.0
30,604,4.0
30,2238,4.0
30,1114,4.0
30,2228,5.0
30,2185,2.0
30,954,3.0
30,140,3.0
30,1557,4.0
30,1167,3.0
30,1270,5.0
30,1840,5.0
30,179,3.0
30,1440,3.0
30,1386,1.0
30,932,2.0
30,2391,3.0
30,1480,2.0
30,877,2.0
30,858,2.0
30,2553,1.0
30,935,4.0
30,27,1.0
30,2142,4.0
30,2488,4.0
30,1755,3.0
30,64,4.0
30,2528,4.0
30,357,3.0
30,1319,5.0
30,2275,5.0
30,1008,4.0
30,1217,3.0
30,606,3.0
30,1650,4.0
30,1034,5.0
30,691,3.0
30,648,5.0
30,1870,2.0
30,1951,2.0
30,1936,4.0
30,1546,4.0
30,1525,5.0
30,960,3.0
30,805,1.0
30,2280,4.0
30,1720,5.0
30,241,4.0
30,2270,2.0
30,1919,2.0
30,1812,2.0
30,929,4.0
30,243,3.0
30,239,5.0
30,503,3.0
30,1610,2.0
30,103,3.0
30,535,5.0
30,2209,4.0
30,701,3.0
30,2075,4.0
30,1231,2.0
30,1903,4.0
30,296,4.0
30,1488,1.0
30,123,5.0
30,2513,4.0
30,254,4.0
30,1846,3.0
30,136,5.0
30,229,5.0
30,1505,4.0
30,1075,5.0
30,2206,1.0
30,2131,5.0
30,132,4.0
30,2440,3.0
30,1895,5.0
30,554,3.0
30,1560,4.0
30,189,5.0
30,1120,3.0
30,1806,4.0
30,361,4.0
30,438,5.0
30,201,4.0
30,1743,4.0
30,814,5.0
30,2462,2.0
30,171,2.0
30,2319,4.0
30,1722,1.0
30,767,4.0
30,307,4.0
30,442,1.0
30,1111,5.0
30,61,5.0
30,1450,1.0
30,1074,4.0
30,1985,3.0
30,1105,4.0
30,325,3.0
30,1096,4.0
30,2549,3.0
30,2171,1.0
30,1013,4.0
30,2505,3.0
30,2357,3.0
30,1221,5.0
30,886,3.0
30,1601,4.0
0,1498,2.0
0,1172,1.0
0,314,3.0
0,1551,1.0
0,1473,4.0
0,1400,3.0
0,825,1.0
0,336,1.0
0,1981,3.0
0,2380,1.0
0,1626,3.0
0,630,3.0
0,919,1.0
0,6,2.0
0,1426,3.0
0,2299,1.0
0,1386,4.0
0,1929,3.0
0,858,2.0
0,2553,1.0
0,1390,2.0
0,1457,3.0
0,416,3.0
0,535,3.0
0,1488,1.0
0,651,2.0
0,539,1.0
0,2035,1.0
0,849,1.0
0,1694,1.0
0,1608,1.0
28,1996,5.0
28,591,4.0
28,2499,3.0
28,1351,3.0
28,713,5.0
28,1536,4.0
28,1897,5.0
28,1747,1.0
28,458,4.0
28,1473,1.0
28,1122,2.0
28,625,3.0
28,2350,1.0
28,115,3.0
28,1781,3.0
28,816,1.0
28,1750,4.0
28,1735,5.0
28,541,3.0
28,2214,4.0
28,1246,1.0
28,517,2.0
28,409,5.0
28,17,4.0
28,1258,3.0
28,30,5.0
28,1004,1.0
28,2172,3.0
28,444,1.0
28,2308,1.0
28,624,4.0
28,1386,4.0
28,1335,3.0
28,1627,4.0
28,1913,2.0
28,524,4.0
28,1388,4.0
28,2165,3.0
28,424,1.0
28,1488,2.0
28,2035,1.0
28,872,2.0
28,849,1.0
28,1830,3.0
28,1485,1.0
28,1691,1.0
28,284,2.0
28,1952,3.0
28,1976,2.0
16,1609,1.0
16,2334,2.0
16,1005,1.0
16,339,1.0
16,1586,3.0
16,1963,2.0
16,451,2.0
16,1524,3.0
16,2427,2.0
16,2118,3.0
16,1395,1.0
16,2533,2.0
16,178,4.0
16,1897,2.0
16,162,3.0
16,316,2.0
16,1473,1.0
16,1522,2.0
16,50,2.0
16,529,3.0
16,452,1.0
16,1495,2.0
16,1482,3.0
16,2556,2.0
16,1994,3.0
16,1278,3.0
16,2341,2.0
16,336,1.0
16,2289,2.0
16,45,2.0
16,272,1.0
16,102,3.0
16,342,1.0
16,739,3.0
16,1116,1.0
16,1432,3.0
16,981,1.0
16,2175,2.0
16,880,2.0
16,146,2.0
16,630,3.0
16,2094,3.0
16,2215,2.0
16,1766,2.0
16,294,3.0
16,499,3.0
16,292,1.0
16,1441,1.0
16,1668,2.0
16,871,2.0
16,2177,1.0
16,2073,2.0
16,531,3.0
16,293,2.0
16,174,1.0
16,1208,2.0
16,993,3.0
16,6,5.0
16,1470,3.0
16,2442,3.0
16,801,2.0
16,628,1.0
16,2238,2.0
16,2299,2.0
16,2055,3.0
16,2506,2.0
16,287,2.0
16,209,1.0
16,2169,4.0
16,93,3.0
16,1281,2.0
16,1386,2.0
16,2180,5.0
16,770,3.0
16,1701,3.0
16,1662,3.0
16,175,2.0
16,373,4.0
16,1740,1.0
16,2153,2.0
16,1851,2.0
16,141,1.0
16,689,2.0
16,1305,2.0
16,1993,2.0
16,2460,2.0
16,252,1.0
16,1951,4.0
16,219,2.0
16,1848,5.0
16,394,3.0
16,318,1.0
16,2465,2.0
16,1348,1.0
16,1518,1.0
16,1744,2.0
16,535,3.0
16,1603,2.0
16,2479,2.0
16,101,1.0
16,1488,2.0
16,123,3.0
16,1083,3.0
16,375,2.0
16,1223,1.0
16,2361,4.0
16,1548,5.0
16,1412,2.0
16,1880,3.0
16,849,1.0
16,575,1.0
16,2288,2.0
16,2522,2.0
16,1722,1.0
16,2022,3.0
16,2483,1.0
16,1162,1.0
16,1721,1.0
16,566,1.0
